NODE	X	Y
1	0.00000000	0.00000000
2	0.20000000	0.00000000
3	0.40000000	0.00000000
4	0.60000000	0.00000000
5	0.80000000	0.00000000
6	1.00000000	0.00000000
7	1.20000000	0.00000000
8	1.40000000	0.00000000
9	1.60000000	0.00000000
10	1.80000000	0.00000000
11	2.00000000	0.00000000
12	2.00000000	0.30000000
13	1.80000000	0.30000000
14	1.60000000	0.30000000
15	1.40000000	0.30000000
16	1.20000000	0.30000000
17	1.00000000	0.30000000
18	0.80000000	0.30000000
19	0.60000000	0.30000000
20	0.40000000	0.30000000
21	0.20000000	0.30000000
22	0.00000000	0.30000000
23	0.06666667	0.00000000
24	0.13333333	0.00000000
25	0.06666667	0.10000000
26	0.13333333	0.20000000
27	0.00000000	0.10000000
28	0.00000000	0.20000000
29	0.26666667	0.00000000
30	0.33333333	0.00000000
31	0.26666667	0.10000000
32	0.33333333	0.20000000
33	0.20000000	0.10000000
34	0.20000000	0.20000000
35	0.46666667	0.00000000
36	0.53333333	0.00000000
37	0.46666667	0.10000000
38	0.53333333	0.20000000
39	0.40000000	0.10000000
40	0.40000000	0.20000000
41	0.66666667	0.00000000
42	0.73333333	0.00000000
43	0.66666667	0.10000000
44	0.73333333	0.20000000
45	0.60000000	0.10000000
46	0.60000000	0.20000000
47	0.86666667	0.00000000
48	0.93333333	0.00000000
49	0.86666667	0.10000000
50	0.93333333	0.20000000
51	0.80000000	0.10000000
52	0.80000000	0.20000000
53	1.06666667	0.00000000
54	1.13333333	0.00000000
55	1.06666667	0.10000000
56	1.13333333	0.20000000
57	1.00000000	0.10000000
58	1.00000000	0.20000000
59	1.26666667	0.00000000
60	1.33333333	0.00000000
61	1.26666667	0.10000000
62	1.33333333	0.20000000
63	1.20000000	0.10000000
64	1.20000000	0.20000000
65	1.46666667	0.00000000
66	1.53333333	0.00000000
67	1.46666667	0.10000000
68	1.53333333	0.20000000
69	1.40000000	0.10000000
70	1.40000000	0.20000000
71	1.66666667	0.00000000
72	1.73333333	0.00000000
73	1.66666667	0.10000000
74	1.73333333	0.20000000
75	1.60000000	0.10000000
76	1.60000000	0.20000000
77	1.86666667	0.00000000
78	1.93333333	0.00000000
79	1.86666667	0.10000000
80	1.93333333	0.20000000
81	1.80000000	0.10000000
82	1.80000000	0.20000000
83	2.00000000	0.10000000
84	2.00000000	0.20000000
85	1.93333333	0.30000000
86	1.86666667	0.30000000
87	1.73333333	0.30000000
88	1.66666667	0.30000000
89	1.53333333	0.30000000
90	1.46666667	0.30000000
91	1.33333333	0.30000000
92	1.26666667	0.30000000
93	1.13333333	0.30000000
94	1.06666667	0.30000000
95	0.93333333	0.30000000
96	0.86666667	0.30000000
97	0.73333333	0.30000000
98	0.66666667	0.30000000
99	0.53333333	0.30000000
100	0.46666667	0.30000000
101	0.33333333	0.30000000
102	0.26666667	0.30000000
103	0.13333333	0.30000000
104	0.06666667	0.30000000
105	0.13333333	0.10000000
106	0.53333333	0.10000000
107	0.73333333	0.10000000
108	0.33333333	0.10000000
109	0.06666667	0.20000000
110	0.26666667	0.20000000
111	0.66666667	0.20000000
112	0.46666667	0.20000000
113	0.93333333	0.10000000
114	0.86666667	0.20000000
115	1.33333333	0.10000000
116	1.73333333	0.10000000
117	1.93333333	0.10000000
118	1.53333333	0.10000000
119	1.06666667	0.20000000
120	1.26666667	0.20000000
121	1.66666667	0.20000000
122	1.86666667	0.20000000
123	1.46666667	0.20000000
124	1.13333333	0.10000000

ELEM.	NODES	MAT.	THICK.
1	1	23	24	2	25	105	33	26	34	21	20.0d9	0.0	2500.0	1.0
2	3	35	36	4	37	106	45	38	46	19	20.0d9	0.0	2500.0	1.0
3	4	41	42	5	43	107	51	44	52	18	20.0d9	0.0	2500.0	1.0
4	2	29	30	3	31	108	39	32	40	20	20.0d9	0.0	2500.0	1.0
5	22	28	27	1	104	109	25	103	26	21	20.0d9	0.0	2500.0	1.0
6	21	34	33	2	102	110	31	101	32	20	20.0d9	0.0	2500.0	1.0
7	4	43	44	18	45	111	97	46	98	19	20.0d9	0.0	2500.0	1.0
8	19	99	100	20	38	112	40	37	39	3	20.0d9	0.0	2500.0	1.0
9	17	50	49	5	58	113	47	57	48	6	20.0d9	0.0	2500.0	1.0
10	18	52	51	5	96	114	49	95	50	17	20.0d9	0.0	2500.0	1.0
11	7	59	60	8	61	115	69	62	70	15	20.0d9	0.0	2500.0	1.0
12	9	71	72	10	73	116	81	74	82	13	20.0d9	0.0	2500.0	1.0
13	10	77	78	11	79	117	83	80	84	12	20.0d9	0.0	2500.0	1.0
14	8	65	66	9	67	118	75	68	76	14	20.0d9	0.0	2500.0	1.0
15	17	58	57	6	94	119	55	93	56	16	20.0d9	0.0	2500.0	1.0
16	15	91	92	16	62	120	64	61	63	7	20.0d9	0.0	2500.0	1.0
17	13	87	88	14	74	121	76	73	75	9	20.0d9	0.0	2500.0	1.0
18	12	85	86	13	80	122	82	79	81	10	20.0d9	0.0	2500.0	1.0
19	15	70	69	8	90	123	67	89	68	14	20.0d9	0.0	2500.0	1.0
20	16	56	55	6	64	124	53	63	54	7	20.0d9	0.0	2500.0	1.0

FORCE	NODE	FX		FY
1	12	3.75d05		0.00
2	11	3.75d05		0.00
3	84	11.25d05	0.00
4	83	11.25d05	0.00

DISP.	NODE	X	VALUE
1	22	BOTH	0.0
2	28	BOTH	0.0
3	27	BOTH	0.0
4	1	BOTH	0.0

